rgb
D: [0.0, 0.0, 0.0, 0.0, 0.0]
K: [570.3405151367188, 0.0, 319.5, 0.0, 570.3405151367188, 239.5, 0.0, 0.0, 1.0]
R: [1.0, 0.0, 0.0, 0.0, 1.0, 0.0, 0.0, 0.0, 1.0]
P: [570.3405151367188, 0.0, 319.5, 0.0, 0.0, 570.3405151367188, 239.5, 0.0, 0.0, 0.0, 1.0, 0.0]

depth
D: [0.0, 0.0, 0.0, 0.0, 0.0]
K: [570.3405151367188, 0.0, 314.5, 0.0, 570.3405151367188, 235.5, 0.0, 0.0, 1.0]
R: [1.0, 0.0, 0.0, 0.0, 1.0, 0.0, 0.0, 0.0, 1.0]
P: [570.3405151367188, 0.0, 314.5, 0.0, 0.0, 570.3405151367188, 235.5, 0.0, 0.0, 0.0, 1.0, 0.0]
