image_width: 640
image_height: 480
camera_name: rgb_Astra_Orbbec #front_rgbd_camera
camera_matrix:
  rows: 3
  cols: 3
  data: [570.3405151367188, 0.0, 319.5, 0.0, 570.3405151367188, 239.5, 0.0, 0.0, 1.0]
distortion_model: plumb_bob
distortion_coefficients:
  rows: 1
  cols: 5
  data: [0.03865797395426305, 0.07468333044552319, 0.002909354535182612, -0.003725931525450735, 0]
rectification_matrix:
  rows: 3
  cols: 3
  data: [1, 0, 0, 0, 1, 0, 0, 0, 1]
projection_matrix:
  rows: 3
  cols: 4
  data: [570.3405151367188, 0.0, 319.5, 0.0, 0.0, 570.3405151367188, 239.5, 0.0, 0.0, 0.0, 1.0, 0.0]

