image_width: 640
image_height: 480
camera_name: depth_Astra_Orbbec
camera_matrix:
  rows: 3
  cols: 3
  data: [570.3405151367188, 0.0, 314.5, 0.0, 570.3405151367188, 235.5, 0.0, 0.0, 1.0]
distortion_model: plumb_bob
distortion_coefficients:
  rows: 1
  cols: 5
  data: [-0.06692220443705026, 0.1498782429471145, -0.0002153367450633254, -0.002511652272525056, 0]
rectification_matrix:
  rows: 3
  cols: 3
  data: [1, 0, 0, 0, 1, 0, 0, 0, 1]
projection_matrix:
  rows: 3
  cols: 4
  data: [570.3405151367188, 0.0, 314.5, 0.0, 0.0, 570.3405151367188, 235.5, 0.0, 0.0, 0.0, 1.0, 0.0]
