- id: 1
  frame: rbkairos_a_map
  position: [3.385567, 3.926533, 0.439872]
  orientation: [0.699203, 0.020556, 0.019660, 0.714357]
