localization/marker_mapping: 1632206539.0719833
msgs/multimap_server_msgs: 1632206539.6359835
msgs/procedures_msgs: 1632206539.6519835
msgs/robot_local_control_msgs: 1632206539.6719835
msgs/robot_simple_command_manager_msgs: 1636547115.2879736
msgs/robotnik_msgs: 1636547928.9439707
msgs/robotnik_navigation_msgs: 1636547974.5519705
msgs/robotnik_signal_msgs: 1632206539.7439835
navigation/poi_manager/poi_manager_msgs: 1636548140.9519699
others/rcomponent: 1634821528.7072008
others/robotnik_pad/robotnik_pad_msgs: 1636548269.1359694
others/robotnik_signal_manager/robotnik_signal_leds_manager/robotnik_leds_msgs: 1632206539.9319835
others/rosmon/rosmon: 1632206539.9719834
others/rosmon/rosmon_core: 1632206539.9799833
others/rosmon/rosmon_msgs: 1632206539.9799833
others/rosmon/rqt_rosmon: 1632206539.9799833
private/battery_manager/battery_estimation: 1632206540.0679834
private/battery_manager/charge_manager: 1632206540.0679834
private/robot_local_control/procedures: 1636548541.2839682
private/robot_local_control/procedures_test_msgs: 1636548541.2839682
private/robot_local_control/robot_local_control: 1636548541.2839682
private/robot_local_control/robot_local_control_bringup: 1636548541.2839682
private/robot_local_control/robot_local_control_components: 1636548541.2839682
private/robot_local_control/robot_local_control_dummy_components: 1636548541.2839682
private/robot_local_control/robot_local_control_procedures: 1636548541.2839682
private/robot_local_control/robot_local_control_test: 1636548541.2839682
private/robot_local_control/service_shifter: 1636548541.2839682
private/robotnik_base_hw_lib: 1632206540.1439834
private/robotnik_navigation/robotnik_detection/image_filter: 1636548592.8239682
private/robotnik_navigation/robotnik_detection/robotnik_locator: 1636548592.8239682
private/robotnik_navigation/robotnik_docker: 1636548592.8239682
private/robotnik_navigation/robotnik_move: 1636548592.8239682
private/robotnik_navigation/robotnik_pose_filter: 1636548592.8239682
private/robotnik_navigation/robotnik_safety_controller: 1636548592.8239682
private/robotnik_navigation/robotnik_velocity_limiter: 1636548592.8239682
robot/summit_xl_common/moveit/summit_xl_j2n6s200_moveit_config: 1632206540.3279834
robot/summit_xl_common/moveit/summit_xl_vx300s_moveit_config: 1633426831.3796384
web/interactive_marker_proxy: 1632288843.8037236
web/xmlrpc_server: 1632206542.4279833
