- id: robot_docking_station_laser_filtered
  frame: robot_map
  position: [3.004762201921446, -28.6266817114134, 0.4400000274181366]
  orientation: [0.0, 0.0, 0.9993680868729339, 0.035544717468733]
  max_distance: 1.25
  pose_covariance: [0.05, 0.0, 0.0, 0.0, 0.0, 0.0, 0.0, 0.05, 0.0, 0.0, 0.0, 0.0, 0.0, 0.0, 0.0, 0.0, 0.0, 0.0, 0.0, 0.0, 0.0, 0.0, 0.0, 0.0, 0.0, 0.0, 0.0, 0.0, 0.0, 0.0, 0.0, 0.0, 0.0, 0.0, 0.0, 0.05]
